1979 01 16 15565635
1979 02 16 16287846
1979 03 16 16444950
1979 04 16 15619396
1979 05 16 14086220
1979 06 16 12786635
1979 07 16 10803942
1979 08 16 8481139
1979 09 16 7556042
1979 10 16 9044859
1979 11 16 11214979
1979 12 16 13503579
1980 01 16 15075817
1980 02 16 16128125
1980 03 16 16198498
1980 04 16 15585750
1980 05 16 14061512
1980 06 16 12533646
1980 07 16 10760373
1980 08 16 8629042
1980 09 16 8244083
1980 10 16 9496472
1980 11 16 11605979
1980 12 16 13786421
1981 01 16 15120645
1981 02 16 15744947
1981 03 16 15736933
1981 04 16 15188771
1981 05 16 14055030
1981 06 16 12776344
1981 07 16 11019526
1981 08 16 8517762
1981 09 16 7815969
1981 10 16 9278589
1981 11 16 11270635
1981 12 16 13623065
1982 01 16 15347188
1982 02 16 16240312
1982 03 16 16249012
1982 04 16 15650479
1982 05 16 14239879
1982 06 16 12830948
1982 07 16 11041502
1982 08 16 8785373
1982 09 16 7837333
1982 10 16 9654859
1982 11 16 11670031
1982 12 16 13797681
1983 01 16 15131038
1983 02 16 16128359
1983 03 16 16194496
1983 04 16 15298500
1983 05 16 13718589
1983 06 16 12585635
1983 07 16 11165383
1983 08 16 8729143
1983 09 16 7984198
1983 10 16 9569819
1983 11 16 11599500
1983 12 16 13472530
1984 01 16 14583044
1984 02 16 15448750
1984 03 16 15734022
1984 04 16 15094375
1984 05 16 13732984
1984 06 16 12389833
1984 07 16 10521502
1984 08 16 8379132
1984 09 16 7402708
1984 10 16 8795171
1984 11 16 10973448
1984 12 16 13198296
1985 01 16 14878468
1985 02 16 15585089
1985 03 16 16070383
1985 04 16 15442271
1985 05 16 14218236
1985 06 16 12460875
1985 07 16 10477510
1985 08 16 7995454
1985 09 16 7399573
1985 10 16 8839325
1985 11 16 11094937
1985 12 16 13237520
1986 01 16 14967087
1986 02 16 15898605
1986 03 16 16017450
1986 04 16 -999
1986 05 16 -999
1986 06 16 -999
1986 07 16 10758115
1986 08 16 8446220
1986 09 16 7937948
1986 10 16 9691905
1986 11 16 11625365
1986 12 16 13434556
1987 01 16 15343299
1987 02 16 16166808
1987 03 16 15876411
1987 04 16 15321760
1987 05 16 13918518
1987 06 16 12731302
1987 07 16 10828196
1987 08 16 8012399
1987 09 16 7764458
1987 10 16 9306190
1987 11 16 11373438
1987 12 16 -999
1988 01 16 15233257
1988 02 16 15758815
1988 03 16 16131754
1988 04 16 15222292
1988 05 16 13630302
1988 06 16 12149042
1988 07 16 10305343
1988 08 16 8208327
1988 09 16 7768510
1988 10 16 9386774
1988 11 16 11432437
1988 12 16 13660514
1989 01 16 15035161
1989 02 16 15606897
1989 03 16 15532520
1989 04 16 14376000
1989 05 16 13039819
1989 06 16 12362990
1989 07 16 10559294
1989 08 16 8156976
1989 09 16 7345167
1989 10 16 9083841
1989 11 16 11195438
1989 12 16 13432137
1990 01 16 14826250
1990 02 16 15690045
1990 03 16 15984960
1990 04 16 14714604
1990 05 16 13282097
1990 06 16 11783062
1990 07 16 9816331
1990 08 16 7087581
1990 09 16 6570521
1990 10 16 8670393
1990 11 16 11142438
1990 12 16 13124718
1991 01 16 14404335
1991 02 16 15367701
1991 03 16 15470806
1991 04 16 14937875
1991 05 16 13506452
1991 06 16 12184812
1991 07 16 9984677
1991 08 16 7761149
1991 09 16 6863104
1991 10 16 8754718
1991 11 16 10956812
1991 12 16 13042863
1992 01 16 14770020
1992 02 16 15553341
1992 03 16 15579355
1992 04 16 14746042
1992 05 16 13276048
1992 06 16 12229562
1992 07 16 10627823
1992 08 16 8250282
1992 09 16 7819250
1992 10 16 9462218
1992 11 16 11428688
1992 12 16 13482460
1993 01 16 14976230
1993 02 16 15712879
1993 03 16 15826512
1993 04 16 15103854
1993 05 16 13400121
1993 06 16 11979396
1993 07 16 9975504
1993 08 16 7701310
1993 09 16 6827458
1993 10 16 9003488
1993 11 16 11437729
1993 12 16 13417298
1994 01 16 14769415
1994 02 16 15613036
1994 03 16 15615343
1994 04 16 14846083
1994 05 16 13680181
1994 06 16 12077562
1994 07 16 10341169
1994 08 16 8022641
1994 09 16 7584292
1994 10 16 9066149
1994 11 16 11142354
1994 12 16 13336613
1995 01 16 14669516
1995 02 16 15245357
1995 03 16 15260585
1995 04 16 14444562
1995 05 16 12992802
1995 06 16 11605646
1995 07 16 9421431
1995 08 16 7141956
1995 09 16 6501750
1995 10 16 8147056
1995 11 16 10804188
1995 12 16 12979355
1996 01 16 14248266
1996 02 16 15213168
1996 03 16 15197984
1996 04 16 14262958
1996 05 16 13146935
1996 06 16 12173042
1996 07 16 10533145
1996 08 16 8464617
1996 09 16 7938479
1996 10 16 9290464
1996 11 16 10463271
1996 12 16 12928387
1997 01 16 14495766
1997 02 16 15539330
1997 03 16 15574012
1997 04 16 14585958
1997 05 16 13250625
1997 06 16 11894167
1997 07 16 9930645
1997 08 16 7557298
1997 09 16 7020521
1997 10 16 8596714
1997 11 16 10900521
1997 12 16 13250726
1998 01 16 14801794
1998 02 16 15882098
1998 03 16 15692319
1998 04 16 14949917
1998 05 16 13676794
1998 06 16 11903375
1998 07 16 9882137
1998 08 16 7841472
1998 09 16 6993521
1998 10 16 8758367
1998 11 16 10632167
1998 12 16 12897802
1999 01 16 14480020
1999 02 16 15364844
1999 03 16 15421552
1999 04 16 15107917
1999 05 16 13844738
1999 06 16 11963562
1999 07 16 9849758
1999 08 16 7587601
1999 09 16 6581354
1999 10 16 8924637
1999 11 16 10982979
1999 12 16 12774577
2000 01 16 14311048
2000 02 16 15214095
2000 03 16 15264940
2000 04 16 14605687
2000 05 16 13231613
2000 06 16 11799979
2000 07 16 9969456
2000 08 16 7549940
2000 09 16 6740063
2000 10 16 8673690
2000 11 16 10518771
2000 12 16 12729395
2001 01 16 14318810
2001 02 16 15332567
2001 03 16 15567016
2001 04 16 14868188
2001 05 16 13622399
2001 06 16 11614333
2001 07 16 9524839
2001 08 16 7777702
2001 09 16 7132146
2001 10 16 8598004
2001 11 16 10791333
2001 12 16 12698831
2002 01 16 14410282
2002 02 16 15429821
2002 03 16 15383629
2002 04 16 14338396
2002 05 16 13060847
2002 06 16 11748750
2002 07 16 9758911
2002 08 16 7020504
2002 09 16 6234958
2002 10 16 8448185
2002 11 16 10520292
2002 12 16 12768387
2003 01 16 14532863
2003 02 16 15337344
2003 03 16 15641774
2003 04 16 14582104
2003 05 16 13096835
2003 06 16 11788021
2003 07 16 9723629
2003 08 16 7340847
2003 09 16 6554625
2003 10 16 8204798
2003 11 16 10275000
2003 12 16 12740323
2004 01 16 14099577
2004 02 16 14998147
2004 03 16 15065403
2004 04 16 14033917
2004 05 16 12598488
2004 06 16 11573521
2004 07 16 9892540
2004 08 16 7191351
2004 09 16 6295917
2004 10 16 8180464
2004 11 16 10524458
2004 12 16 12652419
2005 01 16 13688427
2005 02 16 14488817
2005 03 16 14742863
2005 04 16 14103750
2005 05 16 12937601
2005 06 16 11333021
2005 07 16 9247056
2005 08 16 6650625
2005 09 16 5820521
2005 10 16 7716694
2005 11 16 10377021
2005 12 16 12364073
2006 01 16 13615827
2006 02 16 14451094
2006 03 16 14518508
2006 04 16 13943062
2006 05 16 12665988
2006 06 16 11181958
2006 07 16 9071956
2006 08 16 6969899
2006 09 16 6350646
2006 10 16 7982863
2006 11 16 9914875
2006 12 16 12199899
2007 01 16 13817278
2007 02 16 14620893
2007 03 16 14690625
2007 04 16 14044208
2007 05 16 12973589
2007 06 16 11505771
2007 07 16 8539415
2007 08 16 5845423
2007 09 16 4701833
2007 10 16 6563448
2007 11 16 10050708
2007 12 16 12274859
2008 01 16 14090202
2008 02 16 15144828
2008 03 16 15319597
2008 04 16 14504833
2008 05 16 13165524
2008 06 16 11544417
2008 07 16 9278871
2008 08 16 6614315
2008 09 16 5315271
2008 10 16 7835343
2008 11 16 10587000
2008 12 16 12562319
2009 01 16 14163246
2009 02 16 14984710
2009 03 16 15184980
2009 04 16 14659792
2009 05 16 13424476
2009 06 16 11708083
2009 07 16 9359052
2009 08 16 6701532
2009 09 16 5832792
2009 10 16 7421149
2009 11 16 10097583
2009 12 16 12449577
2010 01 16 13880565
2010 02 16 14746250
2010 03 16 15312762
2010 04 16 14861583
2010 05 16 13105121
2010 06 16 11013104
2010 07 16 8952077
2010 08 16 6550464
2010 09 16 5471250
2010 10 16 7540504
2010 11 16 9934625
2010 12 16 12063246
2011 01 16 13653427
2011 02 16 14537835
2011 03 16 14731371
2011 04 16 14258896
2011 05 16 12958931
2011 06 16 11190062
2011 07 16 8732500
2011 08 16 6209718
2011 09 16 5126479
2011 10 16 6992359
2011 11 16 10047938
2011 12 16 12455645
2012 01 16 13967016
2012 02 16 14795711
2012 03 16 15457661
2012 04 16 14831646
2012 05 16 13251149
2012 06 16 11128312
2012 07 16 8495746
2012 08 16 5434919
2012 09 16 4137521
2012 10 16 6382399
2012 11 16 9693396
2012 12 16 12310766
2013 01 16 13947137
2013 02 16 14896339
2013 03 16 15080524
2013 04 16 14395729
2013 05 16 13242762
2013 06 16 11731583
2013 07 16 8799577
2013 08 16 6501552
2013 09 16 5608354
2013 10 16 7868347
2013 11 16 10232396
2013 12 16 12371875
2014 01 16 13879214
2014 02 16 14633906
2014 03 16 14942036
2014 04 16 14209208
2014 05 16 12920262
2014 06 16 11422708
2014 07 16 8784577
2014 08 16 6581028
2014 09 16 5746813
2014 10 16 7655040
2014 11 16 10376354
2014 12 16 12538306
2015 01 16 13736573
2015 02 16 14501607
2015 03 16 14472883
2015 04 16 14024521
2015 05 16 12640867
2015 06 16 11220250
2015 07 16 9169294
2015 08 16 6265806
2015 09 16 5223146
2015 10 16 7460706
2015 11 16 10097979
2015 12 16 12130927
2016 01 16 13648347
2016 02 16 14358534
2016 03 16 14574536
2016 04 16 13817500
2016 05 16 12139234
2016 06 16 10824042
2016 07 16 8690605
2016 08 16 6070504
2016 09 16 5094125
2016 10 16 6558589
2016 11 16 9023312
2016 12 16 11761976
2017 01 16 13429234
2017 02 16 14356362
2017 03 16 14463145
2017 04 16 13874646
2017 05 16 12771956
2017 06 16 11128083
2017 07 16 8746935
2017 08 16 6040968
2017 09 16 5319417
2017 10 16 7192540
2017 11 16 9805062
2017 12 16 12019214
2018 01 16 13281169
2018 02 16 14128906
2018 03 16 14426210
2018 04 16 13811938
2018 05 16 12438508
2018 06 16 11116583
2018 07 16 9050907
2018 08 16 6120222
2018 09 16 5282625
2018 10 16 6604516
2018 11 16 10144583
2018 12 16 12107419
2019 01 16 13752802
2019 02 16 14518817
2019 03 16 14665948
2019 04 16 13584625
2019 05 16 12349234
2019 06 16 10996854
2019 07 16 8497581
2019 08 16 5653004
2019 09 16 4833812
2019 10 16 6173891
2019 11 16 9651604
2019 12 16 12135806
2020 01 16 13770927
2020 02 16 14729397
2020 03 16 14829254
2020 04 16 13784542
2020 05 16 12526855
2020 06 16 11025208
2020 07 16 8104657
2020 08 16 5584073
2020 09 16 4475510
2020 10 16 5749597
2020 11 16 9328646
2020 12 16 12016734
2021 01 16 13701754
2021 02 16 14522500
2021 03 16 14788841
2021 04 16 13930573
2021 05 16 12861915
2021 06 16 11156615
2021 07 16 8495665
2021 08 16 6320655
2021 09 16 5569146
2021 10 16 7325262
2021 11 16 10130229
2021 12 16 12358216
2022 01 16 13978931
2022 02 16 14660859
2022 03 16 14696411
2022 04 16 14080278
2022 05 16 13042552